2 0.5515625 0.18671875 0.0578125 0.2171875
2 0.61171875 0.1875 0.0484375 0.19140625
2 0.6671875 0.18515625 0.05 0.20390625
2 0.728125 0.19140625 0.05390625 0.2265625
2 0.78125 0.18515625 0.06328125 0.23125
2 0.85 0.18984375 0.05859375 0.21796875
2 0.89921875 0.1859375 0.0546875 0.19921875
2 0.8359375 0.48125 0.0546875 0.196875
2 0.9 0.48125 0.04921875 0.1859375
2 0.9546875 0.48515625 0.05390625 0.215625
2 0.6625 0.478125 0.05234375 0.184375
0 0.03359375 0.19296875 0.06171875 0.2125
0 0.0875 0.19765625 0.06015625 0.19921875
0 0.040625 0.4828125 0.0515625 0.2125
0 0.09921875 0.47109375 0.06640625 0.2171875