4 0.590625 0.175 0.07890625 0.22890625
4 0.671875 0.1875 0.0515625 0.2484375
4 0.72890625 0.1734375 0.07890625 0.24296875
4 0.803125 0.1890625 0.05234375 0.2453125
4 0.85859375 0.18125 0.0671875 0.20078125
4 0.93359375 0.17890625 0.059375 0.225
4 0.725 0.478125 0.0671875 0.20234375
4 0.79921875 0.47265625 0.0578125 0.20234375
4 0.86328125 0.471875 0.05234375 0.1890625
4 0.9234375 0.46953125 0.07265625 0.2359375
4 0.6015625 0.47734375 0.06875 0.1828125
0 0.0671875 0.18515625 0.07265625 0.2203125
0 0.02890625 0.478125 0.04765625 0.20234375
0 0.0828125 0.46875 0.0625 0.21796875